1776989126,24,Pufferfish,16445646916520615760,21,6,4,13
1776989249,92,Lobster,13999916867272285375,23,5,1,6
1776994630,5,Perch,8662784975214117584,20,2,1,6
1777205821,77,Turtle,5310680675824078915,22,2,1,9
1777206058,49,Damsel Fish,4604679618292928428,18,4,1,20
1777206477,49,Damsel Fish,2901262405841329958,17,2,1,4
1777273978,43,Clownfish,3347200402870908014,12,5,2,10
1777274101,43,Clownfish,3872315475341946572,15,3,3,4
1777274230,7,Bass,2536866673440547806,17,1,3,18
1777274356,31,Cod,10594040811577948256,18,4,2,3
1777274596,47,Eel,6616251674269517019,19,4,4,20
1777274925,3,Tilpia,9328481601228888563,16,1,4,20
1777275051,55,Spearfish,18389918446264999626,18,1,1,12
1777275232,31,Cod,10061275624988111996,24,3,2,17
1777275392,26,Catfish,10947199757468207282,20,3,3,5
1777275545,92,Lobster,3943650024264862948,22,2,2,1
1777275754,45,Clownfish,554033224155938633,28,5,3,7
1777275916,99,Jellyfish,9490571283184614978,13,4,3,8
1777276039,46,Eel,13946570460648310359,23,1,4,16
1777289134,99,Jellyfish,13602282603036208398,15,5,2,10
1777289257,37,Snapper,7273443840112895961,21,1,4,15
1777289620,23,Pufferfish,12301813436126681603,17,1,3,16
1777289803,23,Pufferfish,15343672257794092572,22,1,4,11
1777290048,49,Damsel Fish,13098343874671530418,23,6,3,15
1777290217,53,Bluegill,12557595982203002982,21,5,4,7
1777290839,41,Anglerfish,16816146198703568196,23,6,1,13
1777291105,70,Angel Fish,6408247805044171644,15,5,1,20
1777291246,37,Snapper,12699141356188094778,17,1,3,19
1777291369,99,Jellyfish,1394812429746628055,16,6,4,4
1777292522,72,Angelfish,1871034726130834088,32,3,4,10
