1764485504,64,Piranha,14292598557606420149,16,2,4,11
1766025928,89,Seahorse,16296174315639328930,19,1,4,2
1766211876,103,{NULL}fish,5549042252541833110,100,0,0,0
1766212004,75,Mola Mola Fish,17506163712105388472,26,4,1,2
1766212133,93,Blue Lobster,13534948191355638935,26,2,1,13
1766212303,50,Damsel Fish,335348664492571585,12,5,4,9
1766212428,22,Pufferfish,13053972135695459232,21,6,3,9
1766213009,15,Spotfish,12401708872714550019,25,7,1,2
1766213236,102,Axolotl,16381966361764399803,24,8,6,3
1766213514,66,Piranha,2748284774780357374,27,6,4,17
1766213674,45,Clownfish,15681651614865006386,28,3,4,16
1766213834,8,Bass,4251708575081684870,18,6,4,16
1766215016,43,Clownfish,372551742914871633,18,4,4,7
1766215183,8,Bass,6016256387837990999,15,5,2,15
1766215393,19,Trout,2200283402401242772,25,3,3,13
1766215669,17,Spot Fish,1709667635648409086,17,2,3,16
1766215893,89,Seahorse,800060000493916026,21,4,1,4
1766216040,47,Eel,1558896545731462638,17,6,4,18
1766216181,89,Seahorse,3580477988074526215,25,1,4,12
1766216305,51,Damsel Fish,17394562432973295794,22,3,2,21
1766216471,28,Anchovy,4286817972314377500,20,2,2,12
1766216599,40,Anglerfish,9508785505294735492,16,4,1,2
1766216859,2,Tilapia,9415304147998991305,16,3,1,11
1766217184,68,Grouper,13646127055954130723,29,7,1,16
1766217415,62,Barracuda,12951706504562108019,18,1,3,9
1766217679,59,Salmon,15299413487221328840,17,2,4,6
1766217857,62,Barracuda,12001617237926365602,19,3,3,20
1766217989,46,Eel,2383412602548044387,23,2,4,3
1766218124,47,Eel,14154427856383953861,23,5,2,17
1766218369,60,Green Salmon,7443343128588045234,22,3,3,6
1766218495,40,Anglerfish,11855102967104541657,19,6,2,13
1766218752,89,Seahorse,3967193430825669123,25,3,2,18
1766218918,29,Herring,10890988565863113294,17,6,1,6
1766219241,32,Cod,13246687591127767873,22,1,2,6
1766219459,38,Snapper,7954981753030358633,20,1,2,8
1766219618,83,Crab,12473513312444157810,18,3,3,8
1766219959,62,Barracuda,3345807601664379642,16,4,4,4
1766220176,3,Tilpia,6072122844912633414,22,3,2,4
1766220421,23,Pufferfish,16492946228249778224,16,6,4,5
1766220658,23,Pufferfish,16550076844522396895,22,3,4,2
1766220888,11,Sardine,8625287718284573171,18,3,4,16
1766221182,16,Trout,15218983375138478143,25,4,4,14
1766221334,90,Seahorse,9144240828635833799,33,7,2,10
1766221470,87,Shrimp,18348200516773535462,23,7,1,12
1768305865,100,Jellyfish,6112332400991338418,21,7,1,8
1768306562,37,Snapper,12368928805967823952,21,6,3,17
1768306751,86,Shrimp,2073469445145914213,15,3,4,16
1768306910,34,Triple Tail,15881097980353652753,15,6,1,13
1768307155,5,Perch,13106372372987783382,17,6,3,9
1768307324,26,Catfish,5921709443494792031,18,5,4,3
1768307561,51,Damsel Fish,8026864601222399144,28,4,1,2
1768307963,62,Barracuda,2049167218735423665,16,6,3,2
1768308159,53,Bluegill,1580226337504026304,16,6,2,20
1768308288,31,Cod,14465680412235905369,19,4,1,19
1768308516,48,Electric Eel,12561323946550773224,25,2,1,3
1768308763,40,Anglerfish,14574109301375200069,16,1,3,1
1768309196,74,Mola Mola Fish,5398039375371806955,23,4,1,8
1768309404,47,Eel,5903917897321279622,21,1,4,10
1768309777,53,Bluegill,18373600860268310870,17,6,4,15
1768310008,71,Angel Fish,7617761199079841753,23,4,3,2
1768310604,3,Tilpia,15046392707531722032,19,2,4,6
1768311286,40,Anglerfish,8659207061614273770,15,3,3,15
1768311622,28,Anchovy,7894468491098163062,21,2,2,18
1768311860,65,Piranha,11258658200942792492,22,1,1,20
1768312059,52,Bluegill,5125364302162240001,21,1,4,12
1768312196,85,Golden King Crab,17813261687311053145,33,9,6,17
1768312349,112,404 Fish,10952478560834864533,23,2,2,15
1768312677,62,Barracuda,17626567367379757927,13,4,2,17
1768312864,48,Electric Eel,14782489799531581459,28,2,1,10
1768313106,25,Catfish,13453746059850483186,24,4,2,4
1768313705,72,Angelfish,11212410097614375912,22,3,4,6
1768314077,60,Green Salmon,6366366424476347576,24,2,2,5
1768318502,50,Damsel Fish,3619881171653535348,21,2,3,13
1776989110,14,Sardine,2746642447493582466,20,3,4,10
1776989243,99,Jellyfish,2706419491043068741,18,4,4,13
1776989493,19,Trout,4398135299105583370,17,5,3,5
1776989617,78,Turtle,900157947373167904,26,6,2,16
1776989764,74,Mola Mola Fish,8955302763309681486,22,3,2,13
1776989888,75,Mola Mola Fish,6227569807608567897,26,5,4,16
1776990160,55,Spearfish,16935669889124803138,25,6,3,20
1776990564,30,Herring,15593915350372964612,15,6,2,13
1776990725,3,Tilpia,3755475677895479108,24,3,2,4
1776990915,83,Crab,2791293305261568415,23,6,1,13
1776991142,56,Spearfish,2909843945176648094,23,2,4,12
1776991267,1,Tilapia,11218136027173409826,18,5,2,19
1776991399,13,Sardine,4375257245506355562,20,2,2,15
1776991525,64,Piranha,1458203381169917983,20,1,4,4
1776991660,2,Tilapia,13020815773367251947,23,2,2,15
1776992013,28,Anchovy,18255874680847808576,20,1,1,4
1776992222,86,Shrimp,8277624077911091699,15,5,3,20
1776992365,80,Starfish,258944477564292271,17,4,1,6
1776992609,34,Triple Tail,11896298021391711140,21,3,3,20
1776992950,74,Mola Mola Fish,13816475587927039219,23,4,4,20
1776993080,80,Starfish,7925004095413312158,18,5,4,16
1776993289,2,Tilapia,12132133276274639271,19,2,2,3
1776993428,69,Grouper,14327583700378475340,20,2,1,18
1776993782,10,Sardine,6277141745925067393,20,2,3,9
1776994234,34,Triple Tail,14763414991778768818,19,1,2,9
1776994381,13,Sardine,415353948235625966,16,4,3,19
1776994530,51,Damsel Fish,11155820055056781614,24,5,4,18
1776994674,32,Cod,7832855663855600618,21,5,4,20
1776994991,37,Snapper,12831680970345707944,21,1,2,20
1776995456,52,Bluegill,8513893767052391072,17,5,2,14
1776995605,92,Lobster,6281708910912453020,19,5,1,1
1776995828,99,Jellyfish,16851039087369775683,22,4,1,3
1776996027,13,Sardine,13968807879288772496,16,2,3,10
1776996462,89,Seahorse,4021397830000181895,15,6,3,17
1776996842,65,Piranha,15601097094505315445,26,1,3,1
1776997010,49,Damsel Fish,15839153568204215924,21,3,1,12
1776997239,24,Pufferfish,12171106304694487697,26,7,3,6
1776997401,57,Spearfish,12154624402562409067,28,7,1,11
1776997617,68,Grouper,1720438552617127055,30,4,4,4
1776997758,50,Damsel Fish,12418975822641060113,22,3,4,12
1776997912,14,Sardine,11450112955885395817,16,6,1,18
1776998121,62,Barracuda,13088006882172542373,19,3,2,17
1776998260,5,Perch,7932298749075293865,19,5,2,13
